0000000000000000000000000000000000000000
0000000000000000000000111110000000000000
0000000000000000122343222222210000000000
0000000000000132222212111222222000000000
0000000000013222211122222211111100000000
0000000000223221110112321110011100000000
0000000002223311210012231111001200000000
0000000022232420210112331111101210000000
0000000422232311211122221121111110000000
0000003322222221112212221111121210000000
0000024222222222222222222212222220000000
0000053222222222212222222222222220000000
0000352222222222212222222222222240000000
0001553322222222222221211222222241000000
0004333332222222222222221122222244000000
0024222332222222222222222222222235100000
0042322232222222222222222222222224500000
0132222333222222222222222222222223440000
0322222323322222222222222222222122233000
1222222223232222222222222222222222222100
3222222222223222222222222222222222222400
4222222222222222222222222221121122222430
4222222221121111111111111111111111222250
4222222212111111111000000000011111222231
4222222223254243121121122242321122222232
5222222222222233265464243221111112222233
5222222222222222222221111111112112222242
6322222222222222222222211222222222222241
6422222222222222222222222222222222222230
5532222222222222222222222222222222222310
3652222222222222222222222222222222223200
1565342222222222222222222233322222332000
0356654222333332222222222343232224410000
0045665433323322333444431222254332100000
0015566666544322222222222233454211000000
0002555566666655443344445554321100000000
0000155555555555555555544322111000000000
0000003444444444433333322111111000000000
0000000023433333333222221111100000000000
0000000000012223332222211000000000000000