1111111111111111111111111111111111111111
1111111111000001111111000001111111111111
1111111111111111111111111111111111111111
1111111111111001111111100011111111111111
1111110001100000110111000001000111111111
0111111100000011111110000000011111111110
0111111111111111111111111111111111111100
1011111111111111111111111111111111110001
1100001100001111111001101111111111000011
1111000000000000000000000000000000000111
1111111000000000000000000000000001111111
1111111111111000000000000000111111111111