222222222222222222222222222222
222222222221111112222222222333
222222221000000000122222233333
222222210000000000013333333333
222222200000000000013333333333
222222100000000000002333333333
222223100000000000112333333333
222333100000000000001123333333
223321000000000000000000044333
332000000000000000000000044334
330000000112222221100000145556
331000002333322322111003444545
333200022333332222111255445445
333432112221111111111344555555
333333232211112101112555555555
333344322323222201223544445555
444444322323322211123454444444
444445422333222211213444444444
444444432233222100123444444444
433344443223210111124444444455
333344443222000000114444444454
333344431221022110124444444455
233333200221011000122222222222
222221000221001000011222222222
111110000221000000001112112221
111000000022100000201122001111
100000000002210000101011100122
000000000000111101000100111012
000000000000022201000100011111
000000000000012000000100000011
000000000000000000000100000000
000000000000000000000100000000
000000000000000000000010000000
000000000000000000000001100000
000000000000000000000000000000
000000000000000000000000000000
000000000000000000000000000000
000000000000000000000000000000
000000000000000000000000000000
000000000000000000000000000000